N	Memory
10	0.015625
1010	0.0546875
2010	0.1015625
3010	-0.08203125
4010	0.00390625
5010	0.03125
6010	0.03125
7010	0.0625
8010	0.0
9010	0.03125
10010	0.03125
11010	0.05859375
12010	0.0
13010	0.0625
14010	0.0
15010	0.0625
16010	0.0
17010	-0.21875
18010	0.27734375
19010	-0.18359375
20010	0.0
21010	0.0625
22010	0.0
23010	0.0625
24010	0.0
25010	-0.22265625
26010	0.03125
27010	0.03125
28010	0.03515625
29010	0.0625
30010	0.0
31010	0.0625
32010	0.25
33010	-0.46484375
34010	0.27734375
35010	-0.18359375
36010	-0.00390625
37010	0.06640625
38010	0.0
39010	0.0625
40010	0.0
41010	-0.22265625
42010	0.03125
43010	0.06640625
44010	0.0
45010	0.0625
46010	0.0
47010	0.0625
48010	0.0
49010	0.0234375
50010	0.03125
51010	0.0703125
52010	0.0
53010	0.0625
54010	0.0
55010	0.0625
56010	0.0
57010	-0.2265625
58010	0.03125
59010	0.0703125
60010	0.0
61010	0.0625
62010	0.0
63010	0.0625
64010	0.25
65010	-0.48046875
66010	0.03125
67010	0.07421875
68010	0.0
69010	0.0625
70010	0.0
71010	0.0625
72010	0.0
73010	-0.23046875
74010	0.03125
75010	0.07421875
76010	0.25
77010	0.0625
78010	0.0
79010	0.0625
80010	0.25
81010	0.015625
82010	-0.21875
83010	0.078125
84010	0.0
85010	0.0625
86010	0.0
87010	0.0625
88010	0.0
89010	-0.234375
90010	0.03125
91010	0.078125
92010	0.0
93010	0.0625
94010	0.0
95010	0.0625
96010	0.0
97010	0.01171875
98010	-0.21875
99010	0.08203125
100010	0.0
101010	0.0625
102010	0.0
103010	0.0625
104010	0.0
105010	-0.23828125
106010	0.03515625
107010	0.078125
108010	0.0
109010	0.0625
110010	0.0
111010	0.3125
112010	0.0
113010	-0.48828125
114010	0.03125
115010	0.08203125
116010	0.0
117010	0.0625
118010	0.0
119010	0.0625
120010	0.0
121010	-0.23828125
122010	0.03125
123010	0.08203125
124010	0.0
125010	0.0625
126010	0.03515625
127010	0.0625
128010	0.25
129010	-0.4921875
130010	0.03125
131010	0.0859375
132010	-0.0234375
133010	0.0859375
134010	0.0
135010	0.0625
136010	0.0
137010	-0.2421875
138010	0.03125
139010	0.0859375
140010	-0.0234375
141010	0.0859375
142010	0.25
143010	-0.1875
144010	0.25
145010	-0.49609375
146010	0.03125
147010	0.08984375
148010	0.0
149010	0.0625
150010	0.0
151010	0.0625
152010	0.0
153010	-0.2421875
154010	0.03125
155010	0.0859375
156010	0.0
157010	0.0625
158010	0.0
159010	0.0625
160010	0.25
161010	-0.24609375
162010	0.03125
163010	0.08984375
164010	0.0
165010	0.0625
166010	0.0
167010	0.0625
168010	0.0
169010	-0.24609375
170010	0.03125
171010	0.08984375
172010	0.0
173010	0.0625
174010	0.0
175010	0.0
176010	0.3125
177010	0.0
178010	-0.21875
179010	0.03125
180010	0.0625
181010	0.0
182010	0.0625
183010	0.0
184010	0.0625
185010	0.0
186010	-0.21875
187010	0.03125
188010	0.0625
189010	0.25
190010	-0.1875
191010	0.25
192010	-0.1875
193010	0.0
194010	-0.22265625
195010	0.03125
196010	0.03125
197010	0.03515625
198010	0.0625
199010	0.0
200010	0.0625
201010	0.0
202010	-0.22265625
203010	0.03125
204010	0.06640625
205010	-0.00390625
206010	0.31640625
207010	0.0
208010	0.0625
209010	0.0
210010	-0.2265625
211010	0.03125
212010	0.0703125
213010	0.0
214010	0.0625
215010	0.0
216010	0.0625
217010	0.0
218010	-0.2265625
219010	0.03125
220010	0.0703125
221010	-0.0546875
222010	0.3125
223010	0.25
224010	0.0625
225010	0.0
226010	-0.23046875
227010	0.03125
228010	0.07421875
229010	0.0
230010	0.0625
231010	0.0
232010	0.0625
233010	0.0
234010	-0.23046875
235010	0.03125
236010	0.07421875
237010	0.0
238010	0.3125
239010	0.0
240010	0.0625
241010	0.0
242010	-0.234375
243010	0.03125
244010	0.078125
245010	0.0
246010	0.0625
247010	0.0
248010	0.0625
249010	0.0
250010	-0.23046875
251010	0.03125
252010	0.07421875
253010	0.0
254010	0.3125
255010	0.0
256010	0.0625
257010	0.0
258010	-0.234375
259010	0.03125
260010	0.03125
261010	0.046875
262010	0.0625
263010	0.0
264010	0.0625
265010	0.0
266010	-0.234375
267010	0.03125
268010	0.078125
269010	-0.015625
270010	0.328125
271010	0.0
272010	0.0625
273010	0.0
274010	-0.23828125
275010	0.03125
276010	0.08203125
277010	0.0
278010	0.0625
279010	0.0
280010	0.0625
281010	0.0
282010	-0.23828125
283010	0.03125
284010	0.08203125
285010	0.0
286010	0.3125
287010	0.0
288010	0.0625
289010	0.0
290010	-0.2421875
291010	0.03125
292010	0.0859375
293010	0.0
294010	0.0625
295010	0.0
296010	0.0625
297010	0.0
298010	-0.23828125
299010	0.03125
300010	0.08203125
301010	0.0
302010	0.3125
303010	0.0
304010	0.0625
305010	0.0
306010	-0.2421875
307010	0.03125
308010	0.0859375
309010	0.0
310010	0.0625
311010	0.0
312010	0.0625
313010	0.0
314010	-0.2421875
315010	0.03125
316010	0.3359375
317010	0.0
318010	-0.1875
319010	0.0
320010	0.0625
321010	0.0
322010	-0.24609375
323010	0.03125
324010	0.03125
325010	0.05859375
326010	0.0625
327010	0.0
328010	0.0625
329010	0.0
330010	-0.24609375
331010	0.03125
332010	0.33984375
333010	0.0
334010	0.0
335010	0.0625
336010	0.0
337010	0.0625
338010	0.0
339010	-0.21875
340010	0.03125
341010	0.0625
342010	0.0
343010	0.0625
344010	0.0
345010	0.0625
346010	0.0
347010	-0.21875
348010	0.03125
349010	0.3125
350010	-0.25
351010	0.0625
352010	0.0
353010	0.0625
354010	0.0
355010	-0.22265625
356010	0.03125
357010	0.06640625
358010	0.0
359010	0.0625
360010	0.0
361010	0.0625
362010	0.0
363010	-0.21484375
364010	0.27734375
365010	0.0703125
366010	0.0
367010	0.0625
368010	0.0
369010	0.0859375
370010	-0.0234375
371010	-0.2265625
372010	0.03125
373010	0.0703125
374010	0.0234375
375010	0.0390625
376010	0.0
377010	0.0625
378010	0.25
379010	-0.453125
380010	0.00390625
381010	0.07421875
382010	0.0
383010	0.0625
384010	0.01171875
385010	0.05078125
386010	-0.01171875
387010	-0.21875
388010	0.03125
389010	0.09765625
390010	-0.0234375
391010	0.0625
392010	0.0
393010	0.0625
394010	0.015625
395010	-0.2421875
396010	0.27734375
397010	-0.17578125
398010	0.0
399010	0.0859375
400010	-0.0234375
401010	0.0625
402010	0.0
403010	-0.23046875
404010	0.0546875
405010	0.05078125
406010	0.0
407010	0.0625
408010	0.0
409010	0.0859375
410010	-0.0234375
411010	-0.23046875
412010	0.27734375
413010	0.078125
414010	0.0234375
415010	0.0390625
416010	0.0
417010	0.0625
418010	0.0
419010	-0.2109375
420010	0.0078125
421010	0.078125
422010	0.0
423010	0.0625
424010	0.0234375
425010	0.0390625
426010	0.0
427010	-0.23828125
428010	0.28125
429010	0.10546875
430010	-0.0234375
431010	0.0625
432010	0.0
433010	0.0625
434010	0.0234375
435010	-0.26171875
436010	0.03125
437010	0.08203125
438010	0.0
439010	0.0859375
440010	-0.0234375
441010	0.0625
442010	0.25
443010	-0.4921875
444010	0.0546875
445010	0.0625
446010	0.0
447010	0.0625
448010	0.0
449010	0.0859375
450010	-0.046875
451010	-0.21875
452010	0.03125
453010	0.0859375
454010	0.0234375
455010	0.0390625
456010	0.0
457010	0.0625
458010	0.0
459010	-0.22265625
460010	0.0078125
461010	0.08984375
462010	0.0
463010	0.0625
464010	0.0234375
465010	0.0390625
466010	0.0
467010	-0.24609375
468010	0.03125
469010	0.11328125
470010	-0.0234375
471010	0.0625
472010	0.0
473010	0.0625
474010	0.0234375
475010	-0.01953125
476010	-0.21875
477010	0.08984375
478010	0.0
479010	0.0859375
480010	-0.0234375
481010	0.0625
482010	0.0
483010	-0.24609375
484010	0.0546875
485010	0.06640625
486010	0.0
487010	0.0625
488010	0.0
489010	0.0859375
490010	0.2265625
491010	0.0
492010	-0.21875
493010	0.09375
494010	0.0234375
495010	0.0390625
496010	0.0
497010	0.0625
498010	0.0
499010	-0.22265625
500010	0.0078125
501010	0.08984375
502010	0.0
503010	0.0625
504010	0.0234375
505010	0.0390625
506010	0.25
507010	0.0
508010	-0.21875
509010	0.0546875
510010	0.0390625
511010	0.0
512010	0.0625
513010	0.0
514010	0.0859375
515010	-0.0234375
516010	-0.21875
517010	0.03125
518010	0.0625
519010	0.0234375
520010	0.2890625
521010	0.0
522010	-0.22265625
523010	0.03515625
524010	-0.19921875
525010	0.0078125
526010	0.06640625
527010	0.0
528010	0.0625
529010	0.0234375
530010	0.0390625
531010	0.0
532010	-0.05078125
533010	-0.21875
534010	0.0546875
535010	0.0390625
536010	0.25
537010	0.3125
538010	0.0
539010	-0.1640625
540010	-0.0234375
541010	-0.22265625
542010	0.03125
543010	0.06640625
544010	0.0234375
545010	0.0390625
546010	0.0
547010	0.0625
548010	0.0
549010	-0.19921875
550010	0.0078125
551010	0.06640625
552010	0.0
553010	0.3125
554010	0.0234375
555010	0.0390625
556010	0.0
557010	-0.2265625
558010	0.03125
559010	0.09375
560010	-0.0234375
561010	0.0625
562010	0.0
563010	0.0625
564010	0.0234375
565010	-0.25
566010	0.03125
567010	0.0703125
568010	0.0
569010	0.3359375
570010	-0.0234375
571010	0.0625
572010	0.0
573010	-0.23046875
574010	0.0546875
575010	0.05078125
576010	0.0
577010	0.0625
578010	0.0
579010	0.04296875
580010	0.01953125
581010	-0.23046875
582010	0.03125
583010	0.32421875
584010	-0.2265625
585010	0.2890625
586010	-0.25
587010	0.0625
588010	-0.01171875
589010	-0.1953125
590010	0.0078125
591010	0.07421875
592010	0.0
593010	0.0625
594010	0.0234375
595010	0.0390625
596010	0.0
597010	-0.23046875
598010	0.03125
599010	0.09765625
600010	-0.0234375
601010	0.3125
602010	0.0
603010	0.0625
604010	0.0234375
605010	-0.2578125
606010	0.03125
607010	0.078125
608010	0.0
609010	0.0859375
610010	-0.0234375
611010	0.0625
612010	0.0
613010	-0.234375
614010	0.0546875
615010	0.0546875
616010	0.25
617010	0.0625
618010	0.0
619010	0.0859375
620010	-0.0234375
621010	-0.23828125
622010	0.03125
623010	0.08203125
624010	0.0234375
625010	0.0390625
626010	0.0
627010	0.0625
628010	0.0
629010	0.03515625
630010	0.0078125
631010	0.33203125
632010	0.0
633010	-0.1875
634010	0.0234375
635010	0.0390625
636010	-0.0234375
637010	-0.21875
638010	0.03125
639010	0.109375
640010	-0.0234375
641010	0.0625
642010	0.0
643010	0.0625
644010	0.0
645010	-0.2421875
646010	0.03125
647010	0.0859375
648010	0.25
649010	-0.1640625
650010	-0.05078125
651010	0.08984375
652010	-0.02734375
653010	-0.21875
654010	0.0546875
655010	0.06640625
656010	0.0
657010	0.0625
658010	0.0
659010	0.0859375
660010	-0.0234375
661010	-0.24609375
662010	0.0546875
663010	0.08984375
664010	0.2265625
665010	0.0
666010	0.0625
667010	0.0234375
668010	0.0625
669010	0.0
670010	-0.2421875
671010	0.0546875
672010	0.0625
673010	-0.0234375
674010	0.0625
675010	0.0
676010	0.0859375
677010	0.0
678010	0.03125
679010	0.00390625
680010	-0.16015625
681010	0.0
682010	0.0390625
683010	0.0
684010	0.0625
685010	0.0234375
686010	-0.21875
687010	0.03125
688010	0.0390625
689010	0.0234375
690010	0.0625
691010	-0.0234375
692010	0.0625
693010	0.0
694010	0.0546875
695010	0.27734375
696010	-0.18359375
697010	-0.0234375
698010	0.0859375
699010	0.0
700010	0.0390625
701010	0.0
702010	-0.22265625
703010	0.0546875
704010	0.06640625
705010	0.0
706010	0.00390625
707010	0.03515625
708010	0.0625
709010	0.0
710010	0.05078125
711010	0.02734375
712010	0.0703125
713010	-0.0234375
714010	0.0859375
715010	-0.0078125
716010	0.046875
717010	0.0
718010	-0.2265625
719010	0.0546875
720010	0.0703125
721010	0.0
722010	0.0390625
723010	0.0234375
724010	0.3125
725010	-0.2734375
726010	-0.2265625
727010	0.27734375
728010	0.09765625
729010	0.0
730010	0.0625
731010	-0.0234375
732010	0.0859375
733010	0.0
734010	-0.25390625
735010	0.03125
736010	0.07421875
737010	0.0234375
738010	0.0625
739010	0.0
740010	0.0390625
741010	0.26953125
742010	-0.48828125
743010	0.25390625
744010	-0.171875
745010	-0.00390625
746010	0.078125
747010	0.0
748010	0.05859375
749010	-0.02734375
750010	-0.2109375
751010	0.0234375
752010	0.05078125
753010	0.0
754010	0.05859375
755010	0.01953125
756010	0.0625
757010	0.25
758010	-0.01171875
759010	-0.20703125
760010	0.078125
761010	-0.0234375
762010	0.05859375
763010	-0.00390625
764010	0.078125
765010	0.0
766010	-0.25
767010	0.0234375
768010	0.0546875
769010	0.2421875
770010	0.00390625
771010	0.06640625
772010	0.0546875
773010	-0.00390625
774010	-0.02734375
775010	-0.203125
776010	0.078125
777010	-0.0234375
778010	0.0625
779010	-0.0078125
780010	0.07421875
781010	0.0
782010	-0.2421875
783010	0.00390625
784010	0.1015625
785010	-0.01171875
786010	0.03515625
787010	-0.0078125
788010	0.30859375
789010	-0.23828125
790010	0.00390625
791010	-0.2265625
792010	0.0546875
793010	0.01171875
794010	0.0625
795010	-0.0390625
796010	0.0625
797010	-0.0078125
798010	-0.2265625
799010	0.02734375
800010	0.08203125
801010	-0.0234375
802010	0.08203125
803010	-0.02734375
804010	0.30859375
805010	-0.23046875
806010	-0.00390625
807010	-0.22265625
808010	0.0625
809010	0.01953125
810010	0.046875
811010	-0.03515625
812010	0.0625
813010	-0.00390625
814010	-0.2265625
815010	0.02734375
816010	0.07421875
817010	-0.03125
818010	0.3359375
819010	-0.0078125
820010	-0.21484375
821010	0.2421875
822010	0.0
823010	-0.1953125
824010	0.03125
825010	0.0625
826010	-0.0234375
827010	0.0859375
828010	0.0
829010	0.0390625
830010	0.0
831010	-0.21875
832010	0.0546875
833010	0.0625
834010	0.0
835010	0.0078125
836010	0.0546875
837010	0.3125
838010	-0.0234375
839010	-0.22265625
840010	0.03125
841010	0.08984375
842010	0.0
843010	0.0625
844010	-0.02734375
845010	0.08984375
846010	0.0
847010	-0.2421875
848010	0.03125
849010	0.0625
850010	0.0859375
851010	0.0
852010	0.0625
853010	0.2265625
854010	0.0234375
855010	-0.21875
856010	0.0078125
857010	0.0625
858010	0.0
859010	0.0859375
860010	0.0
861010	0.0625
862010	-0.0234375
863010	-0.1953125
864010	0.03125
865010	0.0390625
866010	0.0
867010	0.0625
868010	0.0234375
869010	0.3125
870010	0.0
871010	-0.24609375
872010	0.0546875
873010	0.06640625
874010	-0.0234375
875010	0.0625
876010	0.0
877010	0.0859375
878010	0.0
879010	-0.22265625
880010	0.01171875
881010	0.09375
882010	0.0
883010	0.28515625
884010	0.0
885010	-0.1875
886010	0.02734375
887010	-0.2265625
888010	0.03125
889010	0.04296875
890010	0.02734375
891010	0.0625
892010	-0.02734375
893010	0.0625
894010	0.0
895010	-0.19921875
896010	0.03125
897010	0.0703125
898010	-0.02734375
899010	0.33984375
