N	Memory
10	0.015625
1010	0.078125
2010	0.09765625
3010	0.171875
4010	0.03125
5010	0.0625
6010	0.28125
7010	0.6171875
8010	0.5546875
9010	0.5859375
10010	0.5859375
11010	1.1796875
12010	0.984375
13010	1.0546875
14010	0.9921875
15010	1.0546875
16010	0.9921875
17010	1.0234375
18010	1.01953125
19010	1.1796875
20010	0.9921875
21010	0.9921875
22010	1.25390625
23010	1.25390625
24010	1.25390625
25010	1.28125
26010	1.53515625
27010	1.4453125
28010	1.25390625
29010	1.44140625
30010	1.31640625
31010	1.25390625
32010	1.25390625
33010	1.28515625
34010	1.53125
35010	1.56640625
36010	1.37890625
37010	1.44140625
38010	1.50390625
39010	1.56640625
40010	1.25390625
41010	1.53515625
42010	1.78515625
43010	1.81640625
44010	2.75390625
45010	2.62890625
46010	2.69140625
47010	2.81640625
48010	2.75390625
49010	2.53515625
50010	2.78125
51010	2.81640625
52010	2.75390625
53010	2.81640625
54010	2.75390625
55010	2.81640625
56010	2.75390625
57010	2.78125
58010	3.03515625
59010	3.0703125
60010	3.00390625
61010	3.06640625
62010	3.00390625
63010	3.06640625
64010	3.00390625
65010	3.02734375
66010	3.28125
67010	3.32421875
68010	3.25390625
69010	3.31640625
70010	3.25390625
71010	3.31640625
72010	3.25390625
73010	3.27734375
74010	3.53515625
75010	3.57421875
76010	3.50390625
77010	3.56640625
78010	3.50390625
79010	3.56640625
80010	3.50390625
81010	3.5234375
82010	3.78125
83010	3.828125
84010	3.75390625
85010	3.81640625
86010	3.75390625
87010	3.81640625
88010	6.25390625
89010	6.2734375
90010	6.53515625
91010	6.578125
92010	6.50390625
93010	6.56640625
94010	6.50390625
95010	6.56640625
96010	6.50390625
97010	6.51953125
98010	6.78125
99010	6.83203125
100010	6.75390625
101010	6.81640625
102010	6.75390625
103010	6.81640625
104010	6.75390625
105010	6.76953125
106010	7.03515625
107010	7.08203125
108010	7.00390625
109010	7.06640625
110010	7.00390625
111010	7.06640625
112010	7.00390625
113010	6.76953125
114010	7.03125
115010	7.08203125
116010	7.00390625
117010	7.06640625
118010	7.00390625
119010	7.06640625
120010	7.00390625
121010	7.01953125
122010	7.28515625
123010	7.33203125
124010	7.25390625
125010	7.31640625
126010	7.28515625
127010	7.31640625
128010	7.25390625
129010	7.265625
130010	7.53515625
131010	7.5859375
132010	7.50390625
133010	7.56640625
134010	7.50390625
135010	7.56640625
136010	7.50390625
137010	7.515625
138010	7.78515625
139010	7.8359375
140010	7.75390625
141010	7.81640625
142010	7.75390625
143010	7.81640625
144010	7.75390625
145010	7.76171875
146010	8.03515625
147010	8.08984375
148010	8.00390625
149010	8.06640625
150010	8.00390625
151010	8.06640625
152010	8.00390625
153010	8.01171875
154010	8.28515625
155010	8.33984375
156010	8.25390625
157010	8.31640625
158010	8.25390625
159010	8.31640625
160010	8.25390625
161010	8.2578125
162010	8.53515625
163010	8.59375
164010	8.50390625
165010	8.56640625
166010	8.50390625
167010	8.56640625
168010	8.50390625
169010	8.5078125
170010	8.78515625
171010	8.84375
172010	8.75390625
173010	8.81640625
174010	8.75390625
175010	13.81640625
176010	13.50390625
177010	13.5078125
178010	13.78515625
179010	13.84375
180010	13.75390625
181010	13.81640625
182010	13.75390625
183010	13.81640625
184010	13.75390625
185010	13.7578125
186010	14.03515625
187010	14.09375
188010	14.00390625
189010	14.06640625
190010	14.00390625
191010	14.00390625
192010	14.00390625
193010	14.00390625
194010	14.03515625
195010	14.28515625
196010	14.31640625
197010	14.25390625
198010	14.31640625
199010	14.25390625
200010	14.31640625
201010	14.25390625
202010	14.28515625
203010	14.53515625
204010	14.56640625
205010	14.50390625
206010	14.56640625
207010	14.50390625
208010	14.56640625
209010	14.50390625
210010	14.53125
211010	14.78515625
212010	14.8203125
213010	14.75390625
214010	14.81640625
215010	14.75390625
216010	14.81640625
217010	14.75390625
218010	14.78125
219010	15.03515625
220010	15.0703125
221010	14.953125
222010	15.06640625
223010	15.00390625
224010	15.06640625
225010	15.00390625
226010	15.02734375
227010	15.28515625
228010	15.32421875
229010	15.25390625
230010	15.31640625
231010	15.25390625
232010	15.31640625
233010	15.25390625
234010	15.28125
235010	15.53515625
236010	15.5703125
237010	15.50390625
238010	15.56640625
239010	15.25390625
240010	15.31640625
241010	15.25390625
242010	15.27734375
243010	15.53515625
244010	15.57421875
245010	15.50390625
246010	15.56640625
247010	15.50390625
248010	15.56640625
249010	15.50390625
250010	15.52734375
251010	15.78515625
252010	15.82421875
253010	15.75390625
254010	15.81640625
255010	15.75390625
256010	15.81640625
257010	15.75390625
258010	15.7734375
259010	16.03515625
260010	16.078125
261010	16.00390625
262010	16.06640625
263010	16.00390625
264010	16.06640625
265010	16.00390625
266010	16.0234375
267010	16.28515625
268010	16.328125
269010	16.25390625
270010	16.31640625
271010	16.25390625
272010	16.31640625
273010	16.25390625
274010	16.26953125
275010	16.53515625
276010	16.58203125
277010	16.50390625
278010	16.56640625
279010	16.50390625
280010	16.56640625
281010	16.50390625
282010	16.51953125
283010	16.78515625
284010	16.83203125
285010	16.75390625
286010	16.81640625
287010	16.75390625
288010	16.81640625
289010	16.75390625
290010	16.765625
291010	17.03515625
292010	17.0859375
293010	17.00390625
294010	17.06640625
295010	17.00390625
296010	17.06640625
297010	17.00390625
298010	17.01953125
299010	17.28515625
300010	17.33203125
301010	17.25390625
302010	17.06640625
303010	17.00390625
304010	17.06640625
305010	17.00390625
306010	17.015625
307010	17.28515625
308010	17.3359375
309010	17.25390625
310010	17.31640625
311010	17.25390625
312010	17.31640625
313010	17.25390625
314010	17.265625
315010	17.53515625
316010	17.5859375
317010	17.50390625
318010	17.56640625
319010	17.50390625
320010	17.56640625
321010	17.50390625
322010	17.51171875
323010	17.78515625
324010	17.83984375
325010	17.75390625
326010	17.81640625
327010	17.75390625
328010	17.81640625
329010	17.75390625
330010	17.76171875
331010	18.03515625
332010	18.08984375
333010	18.00390625
334010	18.06640625
335010	18.00390625
336010	18.06640625
337010	18.00390625
338010	18.0078125
339010	18.28515625
340010	18.34375
341010	18.25390625
342010	18.31640625
343010	18.25390625
344010	18.31640625
345010	18.25390625
346010	18.2578125
347010	18.53515625
348010	18.59375
349010	18.50390625
350010	28.50390625
351010	28.56640625
352010	28.50390625
353010	28.56640625
354010	28.50390625
355010	28.53515625
356010	28.78515625
357010	28.81640625
358010	28.75390625
359010	28.81640625
360010	28.81640625
361010	28.75390625
362010	28.765625
363010	29.03515625
364010	29.09375
365010	28.75390625
366010	28.75390625
367010	28.81640625
368010	28.75390625
369010	28.81640625
370010	28.75390625
371010	28.78515625
372010	29.03515625
373010	29.06640625
374010	29.00390625
375010	29.06640625
376010	29.00390625
377010	29.06640625
378010	29.00390625
379010	29.03515625
380010	29.28125
381010	29.31640625
382010	29.25390625
383010	29.31640625
384010	29.25390625
385010	29.31640625
386010	29.25390625
387010	29.28125
388010	29.53515625
389010	29.5703125
390010	29.50390625
391010	29.56640625
392010	29.50390625
393010	29.56640625
394010	29.50390625
395010	29.53125
396010	29.78125
397010	29.8203125
398010	29.75390625
399010	29.81640625
400010	29.75390625
401010	29.81640625
402010	29.75390625
403010	29.77734375
404010	30.03515625
405010	30.07421875
406010	30.00390625
407010	30.06640625
408010	30.00390625
409010	30.06640625
410010	30.00390625
411010	30.02734375
412010	30.28125
413010	30.32421875
414010	30.25390625
415010	30.31640625
416010	30.25390625
417010	30.31640625
418010	30.25390625
419010	30.2734375
420010	30.53515625
421010	30.578125
422010	30.50390625
423010	30.56640625
424010	30.50390625
425010	30.56640625
426010	30.50390625
427010	30.52734375
428010	30.53125
429010	30.57421875
430010	30.50390625
431010	32.2109375
432010	32.31640625
433010	32.00390625
434010	32.06640625
435010	32.00390625
436010	32.02734375
437010	32.53515625
438010	32.57421875
439010	32.50390625
440010	32.56640625
441010	32.50390625
442010	32.56640625
443010	32.50390625
444010	32.5234375
445010	32.78515625
446010	32.828125
447010	32.75390625
448010	32.81640625
449010	32.7421875
450010	32.828125
451010	32.75390625
452010	32.7734375
453010	33.03515625
454010	33.078125
455010	33.00390625
456010	33.06640625
457010	32.9921875
458010	33.078125
459010	33.00390625
460010	33.01953125
461010	33.28515625
462010	33.33203125
463010	33.25390625
464010	33.31640625
465010	33.25390625
466010	33.31640625
467010	33.25390625
468010	33.0234375
469010	33.28515625
470010	33.328125
471010	33.25390625
472010	33.31640625
473010	33.25390625
474010	33.31640625
475010	33.25390625
476010	33.26953125
477010	33.53515625
478010	33.58203125
479010	33.50390625
480010	33.56640625
481010	33.50390625
482010	33.56640625
483010	33.50390625
484010	33.51953125
485010	33.78515625
486010	33.83203125
487010	33.75390625
488010	33.81640625
489010	33.75390625
490010	33.81640625
491010	33.75390625
492010	33.765625
493010	34.03515625
494010	34.0859375
495010	34.00390625
496010	34.06640625
497010	34.00390625
498010	34.06640625
499010	34.00390625
500010	34.015625
501010	34.28515625
502010	34.3359375
503010	34.25390625
504010	34.31640625
505010	34.25390625
506010	34.31640625
507010	34.25390625
508010	34.26171875
509010	34.53515625
510010	34.58984375
511010	34.50390625
512010	34.51171875
513010	34.55859375
514010	34.56640625
515010	34.50390625
516010	34.51171875
517010	34.78515625
518010	34.83984375
519010	34.75390625
520010	34.81640625
521010	34.73046875
522010	34.83984375
523010	34.75390625
524010	34.7578125
525010	35.03515625
526010	35.09375
527010	35.00390625
528010	35.06640625
529010	35.00390625
530010	35.06640625
531010	34.75390625
532010	34.76171875
533010	35.03515625
534010	35.08984375
535010	35.00390625
536010	35.06640625
537010	35.00390625
538010	35.06640625
539010	35.00390625
540010	35.0078125
541010	35.28515625
542010	35.34375
543010	35.25390625
544010	35.31640625
545010	35.25390625
546010	35.31640625
547010	35.25390625
548010	35.2578125
549010	35.53515625
550010	35.59375
551010	35.50390625
552010	35.56640625
553010	35.50390625
554010	35.50390625
555010	35.50390625
556010	35.50390625
557010	35.53515625
558010	35.78515625
559010	35.81640625
560010	35.75390625
561010	35.81640625
562010	35.75390625
563010	35.81640625
564010	35.76171875
565010	35.77734375
566010	36.03515625
567010	36.06640625
568010	36.00390625
569010	36.07421875
570010	35.99609375
571010	36.06640625
572010	36.00390625
573010	36.03125
574010	36.29296875
575010	36.3125
576010	36.25390625
577010	36.28125
578010	36.2890625
579010	36.32421875
580010	36.24609375
581010	36.28125
582010	36.52734375
583010	36.5703125
584010	36.5
585010	36.546875
586010	36.4921875
587010	36.5703125
588010	36.50390625
589010	36.53515625
590010	36.7734375
591010	36.8203125
592010	36.75
593010	36.81640625
594010	36.76171875
595010	36.55859375
596010	36.49609375
597010	36.52734375
598010	36.78515625
599010	36.82421875
600010	36.73828125
601010	36.8125
602010	36.75390625
603010	36.8125
604010	36.7578125
605010	36.765625
606010	37.02734375
607010	37.0703125
608010	37.00390625
609010	37.0703125
610010	36.9921875
611010	37.06640625
612010	37.0
613010	37.02734375
614010	37.2890625
615010	37.3125
616010	37.25390625
617010	37.31640625
618010	37.25390625
619010	37.32421875
620010	37.24609375
621010	37.2734375
622010	37.53515625
623010	37.578125
624010	37.51171875
625010	37.55859375
626010	37.50390625
627010	37.56640625
628010	37.50390625
629010	37.53125
630010	37.77734375
631010	37.828125
632010	37.75390625
633010	37.81640625
634010	37.76171875
635010	37.80859375
636010	37.75390625
637010	37.76953125
638010	38.03515625
639010	38.08984375
640010	37.99609375
641010	38.01953125
642010	38.05078125
643010	38.06640625
644010	38.01171875
645010	38.01171875
646010	38.28515625
647010	38.33203125
648010	38.25390625
649010	38.32421875
650010	38.2265625
651010	38.3359375
652010	38.25390625
653010	38.265625
654010	38.54296875
655010	38.578125
656010	38.50390625
657010	38.56640625
658010	38.50390625
659010	38.57421875
660010	38.24609375
661010	38.26953125
662010	38.53515625
663010	38.58203125
664010	38.51171875
665010	38.55859375
666010	38.50390625
667010	38.56640625
668010	38.50390625
669010	38.5234375
670010	38.77734375
671010	38.8359375
672010	38.75390625
673010	38.81640625
674010	38.76171875
675010	38.80859375
676010	38.75390625
677010	38.765625
678010	39.03515625
679010	39.09375
680010	38.99609375
681010	39.06640625
682010	39.00390625
683010	39.06640625
684010	39.01171875
685010	39.00390625
686010	39.28515625
687010	39.33984375
688010	39.25390625
689010	39.32421875
690010	39.24609375
691010	39.31640625
692010	39.25390625
693010	39.26171875
694010	39.54296875
695010	39.58203125
696010	39.50390625
697010	39.56640625
698010	39.50390625
699010	39.57421875
700010	59.49609375
701010	59.515625
702010	59.77734375
703010	59.84375
704010	59.75390625
705010	59.765625
706010	59.8046875
707010	59.81640625
708010	59.75390625
709010	59.7578125
710010	60.04296875
711010	60.0234375
712010	60.00390625
713010	60.00390625
714010	60.03515625
715010	60.04296875
716010	60.05859375
717010	60.00390625
718010	60.0390625
719010	60.34375
720010	60.26171875
721010	60.30859375
722010	60.25390625
723010	60.06640625
724010	60.00390625
725010	60.015625
726010	60.27734375
727010	60.28125
728010	60.25390625
729010	60.25390625
730010	60.32421875
731010	60.24609375
732010	60.31640625
733010	60.25390625
734010	60.28515625
735010	60.54296875
736010	60.55859375
737010	60.50390625
738010	60.56640625
739010	60.50390625
740010	60.57421875
741010	60.49609375
742010	60.53515625
743010	60.78125
744010	60.81640625
745010	60.76171875
746010	60.80859375
747010	60.75390625
748010	60.81640625
749010	60.75390625
750010	60.7890625
751010	61.02734375
752010	61.0703125
753010	61.00390625
754010	61.06640625
755010	61.01171875
756010	61.05859375
757010	61.00390625
758010	61.02734375
759010	61.28125
760010	61.33203125
761010	61.24609375
762010	61.31640625
763010	61.25390625
764010	61.31640625
765010	61.26171875
766010	61.26953125
767010	61.53515625
768010	61.57421875
769010	61.50390625
770010	61.53515625
771010	61.53515625
772010	61.56640625
773010	61.50390625
774010	61.5234375
775010	61.7890625
776010	61.8203125
777010	61.75390625
778010	61.81640625
779010	61.7421875
780010	61.8359375
781010	61.74609375
782010	61.77734375
783010	62.03515625
784010	62.07421875
785010	62.01171875
786010	61.80859375
787010	61.75390625
788010	61.81640625
789010	61.75390625
790010	61.7734375
791010	62.0390625
792010	62.0703125
793010	62.00390625
794010	62.06640625
795010	62.00390625
796010	62.07421875
797010	61.99609375
798010	62.0234375
799010	62.28515625
800010	62.328125
801010	62.26171875
802010	62.30859375
803010	62.25390625
804010	62.31640625
805010	62.25390625
806010	62.27734375
807010	62.5234375
808010	62.58203125
809010	62.50390625
810010	62.56640625
811010	62.51171875
812010	62.55859375
813010	62.50390625
814010	62.51953125
815010	62.78515625
816010	62.83984375
817010	62.74609375
818010	62.81640625
819010	62.75390625
820010	62.81640625
821010	62.76171875
822010	62.7578125
823010	63.03515625
824010	63.0859375
825010	63.00390625
826010	63.07421875
827010	62.99609375
828010	63.06640625
829010	63.00390625
830010	63.015625
831010	63.29296875
832010	63.328125
833010	63.25390625
834010	63.265625
835010	63.3046875
836010	63.32421875
837010	63.24609375
838010	63.26171875
839010	63.53515625
840010	63.58984375
841010	63.51171875
842010	63.55859375
843010	63.48046875
844010	63.58984375
845010	63.50390625
846010	63.5234375
847010	63.77734375
848010	63.8359375
849010	65.2109375
850010	65.25390625
851010	65.07421875
852010	64.99609375
853010	65.07421875
854010	65.00390625
855010	65.265625
856010	65.53515625
857010	65.578125
858010	65.51171875
859010	65.56640625
860010	65.49609375
861010	65.56640625
862010	65.50390625
863010	65.5234375
864010	65.78515625
865010	65.8359375
866010	65.74609375
867010	65.82421875
868010	65.75390625
869010	65.80859375
870010	65.75390625
871010	65.76171875
872010	66.04296875
873010	66.08984375
874010	66.00390625
875010	66.05859375
876010	66.01171875
877010	66.06640625
878010	65.99609375
879010	66.0234375
880010	66.27734375
881010	66.34765625
882010	66.24609375
883010	66.32421875
884010	66.25390625
885010	66.30859375
886010	66.00390625
887010	66.01171875
888010	66.29296875
889010	66.33984375
890010	66.25390625
891010	66.30859375
892010	66.26171875
893010	66.31640625
894010	66.24609375
895010	66.26171875
896010	66.53515625
897010	66.59765625
898010	66.50390625
899010	66.56640625
